      Energy delta[Wh]     GHI    temp  pressure  humidity  wind_speed  rain_1h  snow_1h  clouds_all  isSun  sunlightTime  dayLength  SunlightTime/daylength  weather_type
Time                                                                                                                                                                      
1              129.559   5.488   1.281  1014.428    89.677       4.479    0.046    0.037      79.341    0.0        85.052    486.780                   0.174           4.0
2              369.194  14.068   1.537  1016.498    83.092       4.546    0.056    0.016      71.295    0.0       124.310    589.940                   0.210           3.0
3              620.637  27.740   3.891  1016.624    77.319       3.988    0.042    0.010      61.821    0.0       181.954    715.403                   0.254           3.0
4              851.112  45.733   8.101  1016.139    71.410       4.080    0.047    0.004      52.829    1.0       251.995    843.667                   0.298           3.0
5              881.580  56.164  12.616  1015.897    73.313       3.687    0.071    0.000      59.072    1.0       322.186    955.403                   0.337           3.0
6              926.397  63.402  18.085  1015.066    72.834       3.405    0.084    0.000      57.022    1.0       364.722   1017.402                   0.358           3.0
7              811.018  54.868  18.265  1014.538    75.363       3.460    0.108    0.000      60.800    1.0       342.704    985.726                   0.347           3.0
8              798.917  48.585  18.957  1015.319    73.271       3.285    0.075    0.000      59.814    1.0       277.905    885.969                   0.313           3.0
9              631.772  31.149  14.245  1016.762    80.928       3.728    0.083    0.000      64.577    1.0       205.927    761.800                   0.270           3.0
10             397.343  17.225  10.245  1014.523    85.558       4.308    0.075    0.000      68.267    0.0       143.369    633.994                   0.225           3.0
11             151.742   7.144   5.550  1015.374    90.337       4.054    0.055    0.002      80.270    0.0        95.640    516.544                   0.185           4.0
12              91.229   4.583   2.394  1011.972    90.208       4.451    0.046    0.016      83.333    0.0        74.432    455.500                   0.163           4.0